6 3
0 1 6 5 5 5
1 0 5 4 6 4
6 5 0 5 6 1
5 4 5 0 6 8
5 6 6 6 0 2
5 4 1 8 2 0
0 57 55 24 19 46
57 0 151 126 121 137
55 151 0 121 90 117
24 126 121 0 34 61
19 121 90 34 0 27
46 137 117 61 27 0
0 39 173 6 249 45
39 0 354 348 430 25
173 354 0 511 76 404
6 348 511 0 251 39
249 430 76 251 0 328
45 25 404 39 328 0